a= [1i 0.04i 0.02i 0; 0.04i 0.8i 0.02i 0;0.02i 0.02i 0 0.08i; 0 0 0.08i 0];  



  